
info = 1
root=	0.90000000	-1.00000000	0.50000000
f(x)=	0.00000000	0.00000000	-0.00000000
