
info = 1
root=	2.92349211	-3.51001556
f(x)=	0.00000000	0.00000000


info = 1
root=	1.78154146	2.06417900
f(x)=	-0.00000000	-0.00000000


info = 1
root=	-1.91216047	-2.23260756
f(x)=	-0.00000000	-0.00000000


info = 1
root=	-1.19287310	1.27844411
f(x)=	-0.00000000	-0.00000000

