
info = 1
root=	0.50000000	0.00000000	-0.52359878
f(x)=	-0.00000000	-0.00000000	0.00000000
