
info = 1
root=	0.00000002	0.99999997	2.00000002
f(x)=	0.00000000	0.00000000	-0.00000000
