
info = 4
root=	-4.71573418	3.84628876	1.62791655
f(x)=	0.15379140	0.19617645	0.62792215
